# Die Daten zu Blatt 8
#Daten zu Aufgabe 8.2

#(a)

#Ernteertrag der Felder ohne D?nger
ohne<-c(9.38 ,10.06,  8.76 ,10.17 ,10.95 , 8.89  ,8.71 , 9.61,  9.46 , 8.71 , 9.19,  8.36,
 10.95 , 9.58 , 9.09 , 9.52 ,10.32,  9.19 , 9.41,  9.63 , 8.82, 10.70, 11.52 , 8.58,
  9.77 , 9.38 , 9.08  ,9.31,  8.83 ,10.02 ,10.35 , 6.90 , 8.09 , 9.66, 10.38 , 7.32,
  9.31 , 9.54 , 8.80, 10.15 , 9.14 , 7.31, 10.63,  8.44 , 9.22 , 8.92 , 8.36,  8.05,
  7.03 , 8.74)

#Ernteertrag der Felder mit D?nger
mit<-c(6.49 , 9.56 ,11.11 , 8.30 , 9.25 ,11.33, 11.72 , 6.38, 11.76 , 9.29 ,10.40, 10.13,
  9.95, 11.17, 11.56 ,10.65 ,10.50 , 9.68 , 9.49 , 9.47 ,10.71,  8.29, 10.31 ,12.03,
 11.38, 13.43 , 5.59 , 9.27 ,11.96 , 8.51 , 9.34, 11.36, 10.57 , 7.18 , 9.22)

#(b)

#1000m-Zeiten vor dem Training
vor<-c(234.9 ,230.2, 233.2 ,198.7, 219.2, 234.6 ,218.7 ,244.6, 222.2, 193.1 ,233.1, 234.7,
 235.6 ,213.5 ,229.4 ,226.7, 270.8 ,246.8, 249.2 ,192.7, 207.2 ,223.1, 232.5, 246.6,
 252.3 ,245.8 ,210.7, 216.1, 248.5, 212.2 ,215.4 ,223.4, 186.2 ,238.9, 217.3, 224.9,
 213.6 ,203.3 ,213.1, 239.3)

#1000m-Zeiten nach dem Training
nach<-c(228.0, 225.6, 222.3 ,179.6 ,206.4 ,217.5, 215.0 ,237.9, 212.2, 177.3 ,234.5, 229.8,
 238.4 ,206.5, 220.0 ,224.2, 261.3, 252.3 ,244.1 ,184.9 ,198.9 ,218.7 ,241.5 ,226.8,
 247.8, 241.3, 201.4, 211.7, 232.5 ,209.2 ,196.1, 224.4 ,179.5 ,241.2 ,218.9, 232.2,
 210.9, 200.5, 207.0, 241.6)
