x<-c(
  502.77, 502.77, 502.16, 498.67, 499.66, 499.71, 497.53, 499.28, 499.47, 499.42, 499.72, 
  500.25, 501.59, 501.65, 502.12, 496.87, 501.37, 499.03, 494.84, 
  500.33, 500.02, 497.19, 498.35, 502.10, 501.12, 497.78, 501.85, 498.44, 
  498.80, 501.14, 501.90, 500.44, 499.73, 501.73, 499.16, 498.91, 500.91, 
  503.25, 499.45, 502.89, 498.39, 498.66, 502.23, 499.31, 500.63, 501.31, 
  499.94, 504.43, 496.44, 500.84, 504.07, 502.06, 495.90, 498.20, 
  497.09, 499.81, 501.17, 503.97, 498.50, 499.67)
y<-c(
  491.33, 491.67, 493.52, 494.81, 495.42, 495.76, 496.43, 496.67, 497.88, 
  498.72, 499.19, 499.21, 499.33, 499.36, 499.38, 499.40, 499.61, 499.63, 
  500.21, 500.30, 500.43, 500.90, 500.92, 500.99, 501.28, 501.49, 501.50, 
  501.78, 502.41, 502.65, 503.02, 503.07, 503.56, 503.84, 504.00, 504.19, 
  504.82, 505.12, 505.21, 507.54)