# Die Daten zu Blatt 7

#Daten zu Aufgabe 1

#(a)
daten<-c( 290.9 ,312.0 ,302.4 ,299.7 ,315.1 ,305.9 ,318.3 ,297.6 ,333.6 ,315.5 ,
337.6 ,269.5, 362.6 ,309.0 ,300.4 ,291.2, 287.9, 317.9 ,319.3, 301.6, 303.2,
 282.2 ,338.0, 297.8, 287.0, 320.0, 299.7 ,297.5, 324.4 ,279.5 ,339.1, 302.8,
288.4 ,299.3, 331.5 ,332.2, 332.8, 283.7 ,294.9, 319.9, 299.5, 307.0, 320.2,
316.8, 318.6, 316.1, 314.5, 283.7, 301.9, 327.7, 303.4 ,303.9, 302.1 ,336.0 ,
314.8 ,309.1 ,348.0 ,296.1 ,330.0 ,326.6)

#(b)
# F?llmenge der Saft-Flaschen
fuellmenge<-c(1.5721, 1.4975, 1.5270, 1.5313, 1.5109,1.5223,1.4768,1.4831,1.4942,1.4839
,1.4688,1.5055,1.5280,1.5055,1.5093,1.4861,1.5206,1.5048,1.4701,1.5038
,1.5375,1.4804,1.4939,1.5347,1.5391,1.5403,1.5028,1.5119,1.4939,1.5516
,1.5175,1.4736,1.5226,1.4877,1.4902,1.4452,1.5421,1.5272,1.5513,1.5140
,1.5529,1.5160,1.5257,1.4730,1.5141,1.5388,1.4896,1.5270,1.5073,1.5168
,1.5123,1.5207,1.4862,1.5221,1.5497,1.5110,1.5043,1.5392,1.4879,1.4695
,1.5067,1.5044,1.4810,1.5288,1.5046,1.4846,1.4960,1.4948,1.5103,1.5183
,1.5063,1.5099,1.4830,1.5004,1.5212,1.5009,1.5011,1.4962,1.5208,1.5228
,1.5185,1.5111,1.4968,1.4891,1.5502,1.5261,1.4738,1.5267,1.5120,1.4809
,1.5165,1.5006,1.5071,1.4914,1.5118,1.5176,1.5457,1.5076,1.5171,1.5185
,1.4783,1.5335,1.5499,1.5346,1.4738,1.4816,1.4792,1.5198,1.4606,1.5241
,1.5501,1.5159,1.5305,1.4996,1.5292,1.5266,1.4997,1.4930,1.4975,1.5300
,1.5152,1.5252,1.5375,1.4594,1.4971,1.5043,1.4952,1.5071,1.4894,1.5227
,1.5125,1.4957)